Table C1 
Energy Partitioning Results


$\tfrac{{M}_{\mathrm{proj}}}{{M}_{\mathrm{earth}}}$	$\tfrac{{v}_{\mathrm{imp}}}{{v}_{\mathrm{esc}}}$	theta	E _imp [J]	$\tfrac{{\rm{\Delta }}{E}_{\mathrm{interior}}}{{E}_{\mathrm{imp}}}$	$\tfrac{{\rm{\Delta }}{E}_{\mathrm{surf}}}{{E}_{\mathrm{imp}}}$	$\tfrac{{\rm{\Delta }}{E}_{\mathrm{atmo}}}{{E}_{\mathrm{imp}}}$	$\tfrac{{\rm{\Delta }}{E}_{{\rm{disk}}}}{{E}_{\mathrm{imp}}}$	$\tfrac{{\rm{\Delta }}{E}_{\mathrm{esc}}}{{E}_{\mathrm{imp}}}$	$\tfrac{{\rm{\Delta }}{\mathrm{IE}}^{\mathrm{surf}}}{{E}_{\mathrm{imp}}}$	$\tfrac{{\rm{\Delta }}{\mathrm{IE}}^{\mathrm{atmo}}}{{E}_{\mathrm{imp}}}$	
0.0012	1.1	0	4.7 x 10^29	0.18	0.6	0.09	0	0	0.36	0.09	
0.0012	1.1	30	4.7 x 10^29	0.23	0.58	0.11	0	0.03	0.45	0.11	
0.0012	1.1	45	4.7 x 10^29	0.14	0.55	0.08	0.01	0.15	0.47	0.09	
0.0012	1.1	60	4.7 x 10^29	0.17	0.32	0.06	0.01	0.38	0.3	0.06	
0.0012	1.5	0	8.7 x 10^29	0.22	0.62	0.09	0	0	0.3	0.09	
0.0012	1.5	30	8.7 x 10^29	0.2	0.54	0.14	0	0.05	0.34	0.14	
0.0012	1.5	45	8.7 x 10^29	0.17	0.47	0.11	0	0.21	0.34	0.12	
0.0012	1.5	60	8.7 x 10^29	0.16	0.21	0.04	0	0.56	0.18	0.04	
0.0012	2	0	1.5 x 10^30	0.16	0.7	0.12	0.01	0.03	0.27	0.12	
0.0012	2	30	1.5 x 10^30	0.17	0.56	0.19	0	0.06	0.28	0.18	
0.0012	2	45	1.5 x 10^30	0.14	0.44	0.14	0.01	0.25	0.26	0.14	
0.0012	2	60	1.5 x 10^30	0.12	0.15	0.03	0	0.68	0.11	0.04	
0.003	1.1	0	1.1 x 10^30	0.16	0.69	0.07	0	0	0.28	0.08	
0.003	1.1	30	1.1 x 10^30	0.19	0.61	0.12	0	0.05	0.38	0.13	
0.003	1.1	45	1.1 x 10^30	0.14	0.56	0.1	0	0.19	0.38	0.11	
0.003	1.1	60	1.1 x 10^30	0.19	0.3	0.05	0.02	0.42	0.23	0.06	
0.003	1.5	0	2.1 x 10^30	0.18	0.7	0.1	0	0	0.25	0.1	
0.003	1.5	30	2.1 x 10^30	0.2	0.53	0.17	0	0.06	0.27	0.17	
0.003	1.5	45	2.1 x 10^30	0.17	0.42	0.13	0.01	0.26	0.26	0.13	
0.003	1.5	60	2.1 x 10^30	0.17	0.16	0.02	0	0.63	0.11	0.03	
0.003	2	0	3.7 x 10^30	0.16	0.68	0.15	0	0	0.22	0.14	
0.003	2	30	3.7 x 10^30	0.18	0.53	0.19	0	0.09	0.22	0.18	
0.003	2	45	3.7 x 10^30	0.16	0.37	0.13	0.01	0.33	0.19	0.13	
0.003	2	60	3.7 x 10^30	0.11	0.1	0.02	0	0.76	0.06	0.02	
0.006	1.1	0	2.2 x 10^30	0.26	0.62	0.07	0	0	0.23	0.07	
0.006	1.1	30	2.2 x 10^30	0.25	0.52	0.15	0	0.06	0.3	0.15	
0.006	1.1	45	2.2 x 10^30	0.21	0.45	0.12	0.01	0.21	0.3	0.13	
0.006	1.1	60	2.2 x 10^30	0.25	0.22	0.05	0.01	0.46	0.16	0.05	
0.006	1.5	0	4.1 x 10^30	0.3	0.59	0.11	0	0	0.21	0.11	
0.006	1.5	30	4.1 x 10^30	0.27	0.44	0.19	0	0.09	0.22	0.18	
0.006	1.5	45	4.1 x 10^30	0.23	0.32	0.13	0.01	0.31	0.19	0.13	
0.006	1.5	60	4.1 x 10^30	0.2	0.1	0.01	0	0.68	0.07	0.02	
0.006	2	0	7.2 x 10^30	0.31	0.52	0.18	0	0.01	0.18	0.16	
0.006	2	30	7.2 x 10^30	0.26	0.42	0.18	0.02	0.12	0.19	0.17	
0.006	2	45	7.2 x 10^30	0.21	0.27	0.12	0.01	0.41	0.14	0.11	
0.006	2	60	7.2 x 10^30	0.12	0.06	0.01	0	0.8	0.03	0.01	
0.012	1.1	0	4.2 x 10^30	0.28	0.61	0.09	0	0.01	0.21	0.09	
0.012	1.1	30	4.2 x 10^30	0.24	0.45	0.22	0.01	0.08	0.26	0.21	
0.012	1.1	45	4.2 x 10^30	0.2	0.39	0.15	0.01	0.25	0.27	0.15	
0.012	1.1	60	4.2 x 10^30	0.27	0.18	0.05	0.02	0.48	0.13	0.06	
0.012	1.5	0	7.9 x 10^30	0.36	0.48	0.14	0	0.02	0.18	0.13	
0.012	1.5	30	7.9 x 10^30	0.28	0.38	0.22	0.01	0.13	0.2	0.2	
0.012	1.5	45	7.9 x 10^30	0.23	0.25	0.13	0.01	0.38	0.16	0.12	
0.012	1.5	60	7.9 x 10^30	0.19	0.09	0.02	0	0.71	0.05	0.02	
0.012	2	0	1.4 x 10^31	0.38	0.37	0.23	0.01	0.03	0.14	0.21	
0.012	2	30	1.4 x 10^31	0.3	0.3	0.21	0.02	0.18	0.16	0.19	
0.012	2	45	1.4 x 10^31	0.2	0.2	0.1	0.01	0.5	0.11	0.09	
0.012	2	60	1.4 x 10^31	0.12	0.05	0.01	0	0.83	0.03	0.01	
Notes
^1. DeltaE _interior, DeltaE _atmo, DeltaE _surf, DeltaE _disk, and DeltaE _esc are change in energy for particles composing the interior, atmosphere, surface, disk, and unbound material, after 24 hr of simulation time, and are normalized to the impact energy E _imp. DeltaE = (IE_final - IE_initial) + (GPE_final - GPE_initial) + KE_final, where IE, GPE, and KE are the internal energy, gravitational potential energy, and kinetic energy, respectively.
^2. DeltaIE^surf and DeltaIE^atmo are the change in the internal energy of surface and atmospheric particles, after 24 hr of simulation time.
